  0.882684  0.909388  0.938324  0.968777  1  1.03122  1.06168  1.09061  1.11732  1.14113  1.16147  1.17784  1.18982  1.19713  1.19959  1.19713  1.18982  1.17784  1.16147  1.14113
  0.909388  0.938324  0.968777  1  1.03122  1.06168  1.09061  1.11732  1.14113  1.16147  1.17784  1.18982  1.19713  1.19959  1.19713  1.18982  1.17784  1.16147  1.14113  1.11732
  0.938324  0.968777  1  1.03122  1.06168  1.09061  1.11732  1.14113  1.16147  1.17784  1.18982  1.19713  1.19959  1.19713  1.18982  1.17784  1.16147  1.14113  1.11732  1.09061
  0.968777  1  1.03122  1.06168  1.09061  1.11732  1.14113  1.16147  1.17784  1.18982  1.19713  1.19959  1.19713  1.18982  1.17784  1.16147  1.14113  1.11732  1.09061  1.06168
  1  1.03122  1.06168  1.09061  1.11732  1.14113  1.16147  1.17784  1.18982  1.19713  1.19959  1.19713  1.18982  1.17784  1.16147  1.14113  1.11732  1.09061  1.06168  1.03122
  1.03122  1.06168  1.09061  1.11732  1.14113  1.16147  1.17784  1.18982  1.19713  1.19959  1.19713  1.18982  1.17784  1.16147  1.14113  1.11732  1.09061  1.06168  1.03122  1
  1.06168  1.09061  1.11732  1.14113  1.16147  1.17784  1.18982  1.19713  1.19959  1.19713  1.18982  1.17784  1.16147  1.14113  1.11732  1.09061  1.06168  1.03122  1  0.968777
  1.09061  1.11732  1.14113  1.16147  1.17784  1.18982  1.19713  1.19959  1.19713  1.18982  1.17784  1.16147  1.14113  1.11732  1.09061  1.06168  1.03122  1  0.968777  0.938324
  1.11732  1.14113  1.16147  1.17784  1.18982  1.19713  1.19959  1.19713  1.18982  1.17784  1.16147  1.14113  1.11732  1.09061  1.06168  1.03122  1  0.968777  0.938324  0.909388
  1.14113  1.16147  1.17784  1.18982  1.19713  1.19959  1.19713  1.18982  1.17784  1.16147  1.14113  1.11732  1.09061  1.06168  1.03122  1  0.968777  0.938324  0.909388  0.882684
  1.16147  1.17784  1.18982  1.19713  1.19959  1.19713  1.18982  1.17784  1.16147  1.14113  1.11732  1.09061  1.06168  1.03122  1  0.968777  0.938324  0.909388  0.882684  0.858869
  1.17784  1.18982  1.19713  1.19959  1.19713  1.18982  1.17784  1.16147  1.14113  1.11732  1.09061  1.06168  1.03122  1  0.968777  0.938324  0.909388  0.882684  0.858869  0.838529
  1.18982  1.19713  1.19959  1.19713  1.18982  1.17784  1.16147  1.14113  1.11732  1.09061  1.06168  1.03122  1  0.968777  0.938324  0.909388  0.882684  0.858869  0.838529  0.822165
  1.19713  1.19959  1.19713  1.18982  1.17784  1.16147  1.14113  1.11732  1.09061  1.06168  1.03122  1  0.968777  0.938324  0.909388  0.882684  0.858869  0.838529  0.822165  0.810179
  1.19959  1.19713  1.18982  1.17784  1.16147  1.14113  1.11732  1.09061  1.06168  1.03122  1  0.968777  0.938324  0.909388  0.882684  0.858869  0.838529  0.822165  0.810179  0.802868
  1.19713  1.18982  1.17784  1.16147  1.14113  1.11732  1.09061  1.06168  1.03122  1  0.968777  0.938324  0.909388  0.882684  0.858869  0.838529  0.822165  0.810179  0.802868  0.800411
  1.18982  1.17784  1.16147  1.14113  1.11732  1.09061  1.06168  1.03122  1  0.968777  0.938324  0.909388  0.882684  0.858869  0.838529  0.822165  0.810179  0.802868  0.800411  0.802868
  1.17784  1.16147  1.14113  1.11732  1.09061  1.06168  1.03122  1  0.968777  0.938324  0.909388  0.882684  0.858869  0.838529  0.822165  0.810179  0.802868  0.800411  0.802868  0.810179
  1.16147  1.14113  1.11732  1.09061  1.06168  1.03122  1  0.968777  0.938324  0.909388  0.882684  0.858869  0.838529  0.822165  0.810179  0.802868  0.800411  0.802868  0.810179  0.822165
  1.14113  1.11732  1.09061  1.06168  1.03122  1  0.968777  0.938324  0.909388  0.882684  0.858869  0.838529  0.822165  0.810179  0.802868  0.800411  0.802868  0.810179  0.822165  0.838529
