  0.870177  0.882503  0.895554  0.909249  0.923503  0.938228  0.953335  0.968729  0.984316  1  1.01568  1.03127  1.04667  1.06177  1.0765  1.09075  1.10445  1.1175  1.12982  1.14135  1.152  1.16172  1.17044  1.17811  1.18468  1.19011  1.19437  1.19744  1.19928  1.1999  1.19928  1.19744  1.19437  1.19011  1.18468  1.17811  1.17044  1.16172  1.152  1.14135
  0.882503  0.895554  0.909249  0.923503  0.938228  0.953335  0.968729  0.984316  1  1.01568  1.03127  1.04667  1.06177  1.0765  1.09075  1.10445  1.1175  1.12982  1.14135  1.152  1.16172  1.17044  1.17811  1.18468  1.19011  1.19437  1.19744  1.19928  1.1999  1.19928  1.19744  1.19437  1.19011  1.18468  1.17811  1.17044  1.16172  1.152  1.14135  1.12982
  0.895554  0.909249  0.923503  0.938228  0.953335  0.968729  0.984316  1  1.01568  1.03127  1.04667  1.06177  1.0765  1.09075  1.10445  1.1175  1.12982  1.14135  1.152  1.16172  1.17044  1.17811  1.18468  1.19011  1.19437  1.19744  1.19928  1.1999  1.19928  1.19744  1.19437  1.19011  1.18468  1.17811  1.17044  1.16172  1.152  1.14135  1.12982  1.1175
  0.909249  0.923503  0.938228  0.953335  0.968729  0.984316  1  1.01568  1.03127  1.04667  1.06177  1.0765  1.09075  1.10445  1.1175  1.12982  1.14135  1.152  1.16172  1.17044  1.17811  1.18468  1.19011  1.19437  1.19744  1.19928  1.1999  1.19928  1.19744  1.19437  1.19011  1.18468  1.17811  1.17044  1.16172  1.152  1.14135  1.12982  1.1175  1.10445
  0.923503  0.938228  0.953335  0.968729  0.984316  1  1.01568  1.03127  1.04667  1.06177  1.0765  1.09075  1.10445  1.1175  1.12982  1.14135  1.152  1.16172  1.17044  1.17811  1.18468  1.19011  1.19437  1.19744  1.19928  1.1999  1.19928  1.19744  1.19437  1.19011  1.18468  1.17811  1.17044  1.16172  1.152  1.14135  1.12982  1.1175  1.10445  1.09075
  0.938228  0.953335  0.968729  0.984316  1  1.01568  1.03127  1.04667  1.06177  1.0765  1.09075  1.10445  1.1175  1.12982  1.14135  1.152  1.16172  1.17044  1.17811  1.18468  1.19011  1.19437  1.19744  1.19928  1.1999  1.19928  1.19744  1.19437  1.19011  1.18468  1.17811  1.17044  1.16172  1.152  1.14135  1.12982  1.1175  1.10445  1.09075  1.0765
  0.953335  0.968729  0.984316  1  1.01568  1.03127  1.04667  1.06177  1.0765  1.09075  1.10445  1.1175  1.12982  1.14135  1.152  1.16172  1.17044  1.17811  1.18468  1.19011  1.19437  1.19744  1.19928  1.1999  1.19928  1.19744  1.19437  1.19011  1.18468  1.17811  1.17044  1.16172  1.152  1.14135  1.12982  1.1175  1.10445  1.09075  1.0765  1.06177
  0.968729  0.984316  1  1.01568  1.03127  1.04667  1.06177  1.0765  1.09075  1.10445  1.1175  1.12982  1.14135  1.152  1.16172  1.17044  1.17811  1.18468  1.19011  1.19437  1.19744  1.19928  1.1999  1.19928  1.19744  1.19437  1.19011  1.18468  1.17811  1.17044  1.16172  1.152  1.14135  1.12982  1.1175  1.10445  1.09075  1.0765  1.06177  1.04667
  0.984316  1  1.01568  1.03127  1.04667  1.06177  1.0765  1.09075  1.10445  1.1175  1.12982  1.14135  1.152  1.16172  1.17044  1.17811  1.18468  1.19011  1.19437  1.19744  1.19928  1.1999  1.19928  1.19744  1.19437  1.19011  1.18468  1.17811  1.17044  1.16172  1.152  1.14135  1.12982  1.1175  1.10445  1.09075  1.0765  1.06177  1.04667  1.03127
  1  1.01568  1.03127  1.04667  1.06177  1.0765  1.09075  1.10445  1.1175  1.12982  1.14135  1.152  1.16172  1.17044  1.17811  1.18468  1.19011  1.19437  1.19744  1.19928  1.1999  1.19928  1.19744  1.19437  1.19011  1.18468  1.17811  1.17044  1.16172  1.152  1.14135  1.12982  1.1175  1.10445  1.09075  1.0765  1.06177  1.04667  1.03127  1.01568
  1.01568  1.03127  1.04667  1.06177  1.0765  1.09075  1.10445  1.1175  1.12982  1.14135  1.152  1.16172  1.17044  1.17811  1.18468  1.19011  1.19437  1.19744  1.19928  1.1999  1.19928  1.19744  1.19437  1.19011  1.18468  1.17811  1.17044  1.16172  1.152  1.14135  1.12982  1.1175  1.10445  1.09075  1.0765  1.06177  1.04667  1.03127  1.01568  1
  1.03127  1.04667  1.06177  1.0765  1.09075  1.10445  1.1175  1.12982  1.14135  1.152  1.16172  1.17044  1.17811  1.18468  1.19011  1.19437  1.19744  1.19928  1.1999  1.19928  1.19744  1.19437  1.19011  1.18468  1.17811  1.17044  1.16172  1.152  1.14135  1.12982  1.1175  1.10445  1.09075  1.0765  1.06177  1.04667  1.03127  1.01568  1  0.984316
  1.04667  1.06177  1.0765  1.09075  1.10445  1.1175  1.12982  1.14135  1.152  1.16172  1.17044  1.17811  1.18468  1.19011  1.19437  1.19744  1.19928  1.1999  1.19928  1.19744  1.19437  1.19011  1.18468  1.17811  1.17044  1.16172  1.152  1.14135  1.12982  1.1175  1.10445  1.09075  1.0765  1.06177  1.04667  1.03127  1.01568  1  0.984316  0.968729
  1.06177  1.0765  1.09075  1.10445  1.1175  1.12982  1.14135  1.152  1.16172  1.17044  1.17811  1.18468  1.19011  1.19437  1.19744  1.19928  1.1999  1.19928  1.19744  1.19437  1.19011  1.18468  1.17811  1.17044  1.16172  1.152  1.14135  1.12982  1.1175  1.10445  1.09075  1.0765  1.06177  1.04667  1.03127  1.01568  1  0.984316  0.968729  0.953335
  1.0765  1.09075  1.10445  1.1175  1.12982  1.14135  1.152  1.16172  1.17044  1.17811  1.18468  1.19011  1.19437  1.19744  1.19928  1.1999  1.19928  1.19744  1.19437  1.19011  1.18468  1.17811  1.17044  1.16172  1.152  1.14135  1.12982  1.1175  1.10445  1.09075  1.0765  1.06177  1.04667  1.03127  1.01568  1  0.984316  0.968729  0.953335  0.938228
  1.09075  1.10445  1.1175  1.12982  1.14135  1.152  1.16172  1.17044  1.17811  1.18468  1.19011  1.19437  1.19744  1.19928  1.1999  1.19928  1.19744  1.19437  1.19011  1.18468  1.17811  1.17044  1.16172  1.152  1.14135  1.12982  1.1175  1.10445  1.09075  1.0765  1.06177  1.04667  1.03127  1.01568  1  0.984316  0.968729  0.953335  0.938228  0.923503
  1.10445  1.1175  1.12982  1.14135  1.152  1.16172  1.17044  1.17811  1.18468  1.19011  1.19437  1.19744  1.19928  1.1999  1.19928  1.19744  1.19437  1.19011  1.18468  1.17811  1.17044  1.16172  1.152  1.14135  1.12982  1.1175  1.10445  1.09075  1.0765  1.06177  1.04667  1.03127  1.01568  1  0.984316  0.968729  0.953335  0.938228  0.923503  0.909249
  1.1175  1.12982  1.14135  1.152  1.16172  1.17044  1.17811  1.18468  1.19011  1.19437  1.19744  1.19928  1.1999  1.19928  1.19744  1.19437  1.19011  1.18468  1.17811  1.17044  1.16172  1.152  1.14135  1.12982  1.1175  1.10445  1.09075  1.0765  1.06177  1.04667  1.03127  1.01568  1  0.984316  0.968729  0.953335  0.938228  0.923503  0.909249  0.895554
  1.12982  1.14135  1.152  1.16172  1.17044  1.17811  1.18468  1.19011  1.19437  1.19744  1.19928  1.1999  1.19928  1.19744  1.19437  1.19011  1.18468  1.17811  1.17044  1.16172  1.152  1.14135  1.12982  1.1175  1.10445  1.09075  1.0765  1.06177  1.04667  1.03127  1.01568  1  0.984316  0.968729  0.953335  0.938228  0.923503  0.909249  0.895554  0.882503
  1.14135  1.152  1.16172  1.17044  1.17811  1.18468  1.19011  1.19437  1.19744  1.19928  1.1999  1.19928  1.19744  1.19437  1.19011  1.18468  1.17811  1.17044  1.16172  1.152  1.14135  1.12982  1.1175  1.10445  1.09075  1.0765  1.06177  1.04667  1.03127  1.01568  1  0.984316  0.968729  0.953335  0.938228  0.923503  0.909249  0.895554  0.882503  0.870177
  1.152  1.16172  1.17044  1.17811  1.18468  1.19011  1.19437  1.19744  1.19928  1.1999  1.19928  1.19744  1.19437  1.19011  1.18468  1.17811  1.17044  1.16172  1.152  1.14135  1.12982  1.1175  1.10445  1.09075  1.0765  1.06177  1.04667  1.03127  1.01568  1  0.984316  0.968729  0.953335  0.938228  0.923503  0.909249  0.895554  0.882503  0.870177  0.858651
  1.16172  1.17044  1.17811  1.18468  1.19011  1.19437  1.19744  1.19928  1.1999  1.19928  1.19744  1.19437  1.19011  1.18468  1.17811  1.17044  1.16172  1.152  1.14135  1.12982  1.1175  1.10445  1.09075  1.0765  1.06177  1.04667  1.03127  1.01568  1  0.984316  0.968729  0.953335  0.938228  0.923503  0.909249  0.895554  0.882503  0.870177  0.858651  0.847997
  1.17044  1.17811  1.18468  1.19011  1.19437  1.19744  1.19928  1.1999  1.19928  1.19744  1.19437  1.19011  1.18468  1.17811  1.17044  1.16172  1.152  1.14135  1.12982  1.1175  1.10445  1.09075  1.0765  1.06177  1.04667  1.03127  1.01568  1  0.984316  0.968729  0.953335  0.938228  0.923503  0.909249  0.895554  0.882503  0.870177  0.858651  0.847997  0.83828
  1.17811  1.18468  1.19011  1.19437  1.19744  1.19928  1.1999  1.19928  1.19744  1.19437  1.19011  1.18468  1.17811  1.17044  1.16172  1.152  1.14135  1.12982  1.1175  1.10445  1.09075  1.0765  1.06177  1.04667  1.03127  1.01568  1  0.984316  0.968729  0.953335  0.938228  0.923503  0.909249  0.895554  0.882503  0.870177  0.858651  0.847997  0.83828  0.82956
  1.18468  1.19011  1.19437  1.19744  1.19928  1.1999  1.19928  1.19744  1.19437  1.19011  1.18468  1.17811  1.17044  1.16172  1.152  1.14135  1.12982  1.1175  1.10445  1.09075  1.0765  1.06177  1.04667  1.03127  1.01568  1  0.984316  0.968729  0.953335  0.938228  0.923503  0.909249  0.895554  0.882503  0.870177  0.858651  0.847997  0.83828  0.82956  0.82189
  1.19011  1.19437  1.19744  1.19928  1.1999  1.19928  1.19744  1.19437  1.19011  1.18468  1.17811  1.17044  1.16172  1.152  1.14135  1.12982  1.1175  1.10445  1.09075  1.0765  1.06177  1.04667  1.03127  1.01568  1  0.984316  0.968729  0.953335  0.938228  0.923503  0.909249  0.895554  0.882503  0.870177  0.858651  0.847997  0.83828  0.82956  0.82189  0.815319
  1.19437  1.19744  1.19928  1.1999  1.19928  1.19744  1.19437  1.19011  1.18468  1.17811  1.17044  1.16172  1.152  1.14135  1.12982  1.1175  1.10445  1.09075  1.0765  1.06177  1.04667  1.03127  1.01568  1  0.984316  0.968729  0.953335  0.938228  0.923503  0.909249  0.895554  0.882503  0.870177  0.858651  0.847997  0.83828  0.82956  0.82189  0.815319  0.809886
  1.19744  1.19928  1.1999  1.19928  1.19744  1.19437  1.19011  1.18468  1.17811  1.17044  1.16172  1.152  1.14135  1.12982  1.1175  1.10445  1.09075  1.0765  1.06177  1.04667  1.03127  1.01568  1  0.984316  0.968729  0.953335  0.938228  0.923503  0.909249  0.895554  0.882503  0.870177  0.858651  0.847997  0.83828  0.82956  0.82189  0.815319  0.809886  0.805626
  1.19928  1.1999  1.19928  1.19744  1.19437  1.19011  1.18468  1.17811  1.17044  1.16172  1.152  1.14135  1.12982  1.1175  1.10445  1.09075  1.0765  1.06177  1.04667  1.03127  1.01568  1  0.984316  0.968729  0.953335  0.938228  0.923503  0.909249  0.895554  0.882503  0.870177  0.858651  0.847997  0.83828  0.82956  0.82189  0.815319  0.809886  0.805626  0.802564
  1.1999  1.19928  1.19744  1.19437  1.19011  1.18468  1.17811  1.17044  1.16172  1.152  1.14135  1.12982  1.1175  1.10445  1.09075  1.0765  1.06177  1.04667  1.03127  1.01568  1  0.984316  0.968729  0.953335  0.938228  0.923503  0.909249  0.895554  0.882503  0.870177  0.858651  0.847997  0.83828  0.82956  0.82189  0.815319  0.809886  0.805626  0.802564  0.800719
  1.19928  1.19744  1.19437  1.19011  1.18468  1.17811  1.17044  1.16172  1.152  1.14135  1.12982  1.1175  1.10445  1.09075  1.0765  1.06177  1.04667  1.03127  1.01568  1  0.984316  0.968729  0.953335  0.938228  0.923503  0.909249  0.895554  0.882503  0.870177  0.858651  0.847997  0.83828  0.82956  0.82189  0.815319  0.809886  0.805626  0.802564  0.800719  0.800103
  1.19744  1.19437  1.19011  1.18468  1.17811  1.17044  1.16172  1.152  1.14135  1.12982  1.1175  1.10445  1.09075  1.0765  1.06177  1.04667  1.03127  1.01568  1  0.984316  0.968729  0.953335  0.938228  0.923503  0.909249  0.895554  0.882503  0.870177  0.858651  0.847997  0.83828  0.82956  0.82189  0.815319  0.809886  0.805626  0.802564  0.800719  0.800103  0.800719
  1.19437  1.19011  1.18468  1.17811  1.17044  1.16172  1.152  1.14135  1.12982  1.1175  1.10445  1.09075  1.0765  1.06177  1.04667  1.03127  1.01568  1  0.984316  0.968729  0.953335  0.938228  0.923503  0.909249  0.895554  0.882503  0.870177  0.858651  0.847997  0.83828  0.82956  0.82189  0.815319  0.809886  0.805626  0.802564  0.800719  0.800103  0.800719  0.802564
  1.19011  1.18468  1.17811  1.17044  1.16172  1.152  1.14135  1.12982  1.1175  1.10445  1.09075  1.0765  1.06177  1.04667  1.03127  1.01568  1  0.984316  0.968729  0.953335  0.938228  0.923503  0.909249  0.895554  0.882503  0.870177  0.858651  0.847997  0.83828  0.82956  0.82189  0.815319  0.809886  0.805626  0.802564  0.800719  0.800103  0.800719  0.802564  0.805626
  1.18468  1.17811  1.17044  1.16172  1.152  1.14135  1.12982  1.1175  1.10445  1.09075  1.0765  1.06177  1.04667  1.03127  1.01568  1  0.984316  0.968729  0.953335  0.938228  0.923503  0.909249  0.895554  0.882503  0.870177  0.858651  0.847997  0.83828  0.82956  0.82189  0.815319  0.809886  0.805626  0.802564  0.800719  0.800103  0.800719  0.802564  0.805626  0.809886
  1.17811  1.17044  1.16172  1.152  1.14135  1.12982  1.1175  1.10445  1.09075  1.0765  1.06177  1.04667  1.03127  1.01568  1  0.984316  0.968729  0.953335  0.938228  0.923503  0.909249  0.895554  0.882503  0.870177  0.858651  0.847997  0.83828  0.82956  0.82189  0.815319  0.809886  0.805626  0.802564  0.800719  0.800103  0.800719  0.802564  0.805626  0.809886  0.815319
  1.17044  1.16172  1.152  1.14135  1.12982  1.1175  1.10445  1.09075  1.0765  1.06177  1.04667  1.03127  1.01568  1  0.984316  0.968729  0.953335  0.938228  0.923503  0.909249  0.895554  0.882503  0.870177  0.858651  0.847997  0.83828  0.82956  0.82189  0.815319  0.809886  0.805626  0.802564  0.800719  0.800103  0.800719  0.802564  0.805626  0.809886  0.815319  0.82189
  1.16172  1.152  1.14135  1.12982  1.1175  1.10445  1.09075  1.0765  1.06177  1.04667  1.03127  1.01568  1  0.984316  0.968729  0.953335  0.938228  0.923503  0.909249  0.895554  0.882503  0.870177  0.858651  0.847997  0.83828  0.82956  0.82189  0.815319  0.809886  0.805626  0.802564  0.800719  0.800103  0.800719  0.802564  0.805626  0.809886  0.815319  0.82189  0.82956
  1.152  1.14135  1.12982  1.1175  1.10445  1.09075  1.0765  1.06177  1.04667  1.03127  1.01568  1  0.984316  0.968729  0.953335  0.938228  0.923503  0.909249  0.895554  0.882503  0.870177  0.858651  0.847997  0.83828  0.82956  0.82189  0.815319  0.809886  0.805626  0.802564  0.800719  0.800103  0.800719  0.802564  0.805626  0.809886  0.815319  0.82189  0.82956  0.83828
  1.14135  1.12982  1.1175  1.10445  1.09075  1.0765  1.06177  1.04667  1.03127  1.01568  1  0.984316  0.968729  0.953335  0.938228  0.923503  0.909249  0.895554  0.882503  0.870177  0.858651  0.847997  0.83828  0.82956  0.82189  0.815319  0.809886  0.805626  0.802564  0.800719  0.800103  0.800719  0.802564  0.805626  0.809886  0.815319  0.82189  0.82956  0.83828  0.847997
